"Year" "Age1" "Age2" "Age3" "Age4" "Age5" "Age6" "Age7" "Age8" "Age9" "Age10" "Age11" "Age12" "Age13" "Age14" "Age15" "Age16"
"1" 1959 0.0178815873774467 0.0929735926727209 0.292968667431966 0.64476820468116 1.08338231820693 1.5327935878991 2.0770603659898 2.76195579317035 3.40985396672978 4.50379302297726 5.83051749716736 7.21948674676768 8.68644696847671 10.2930395600746 11.8219101769438 13.4966697476582
"2" 1960 0.0178815831693437 0.0929711644799574 0.292961620826371 0.644734066409465 1.08301949369531 1.5305563915778 2.07421304250944 2.75874418949871 3.40058360650527 4.49850096692186 5.82859510607594 7.21934470322104 8.68639799319507 10.2930411163489 11.8219099343839 13.4966940528227
"3" 1961 0.0178815763928019 0.0929678773959475 0.292951884621375 0.644688244267431 1.08257678018195 1.52799864399767 2.070983961468 2.75510859753586 3.39031240100226 4.49238910159644 5.82621846272029 7.21914417812495 8.68632486904587 10.2930436637964 11.8219095054929 13.4967325401538
"4" 1962 0.0178815654801606 0.0929634276168975 0.292938432231219 0.644626739434397 1.08203658719983 1.52507441574759 2.06732193836312 2.75099304335431 3.37893229710875 4.48533042773413 5.82328022935812 7.21886109371097 8.68621568863857 10.2930478336841 11.8219087471335 13.4967934850056
"5" 1963 0.0178815479069287 0.0929574038786742 0.292919845235467 0.644544184487847 1.08137745110137 1.52173119653199 2.06316892608235 2.74633416348155 3.36632357609844 4.47717827220687 5.81964770482724 7.21846145901684 8.68605267325353 10.2930546593253 11.8219074062124 13.496889991437
"6" 1964 0.0178815196077784 0.0929492494463361 0.292894163820708 0.644433374997538 1.08057318223697 1.51790895224473 2.0584590947923 2.74106022934989 3.35235359418936 4.46776324028489 5.81515683128488 7.21789728846962 8.68580927779079 10.2930658321392 11.8219050352136 13.4970428097801
"7" 1965 0.0178814740360863 0.092938210658744 0.292858680137773 0.644284640807093 1.0795918243539 1.51353904693809 2.05311778846305 2.73509004295642 3.33687538713088 4.45688969576092 5.80960478476681 7.21710084008553 8.68544586821891 10.2930841207899 11.8219008428449 13.4972847982742
"8" 1966 0.0178814006494617 0.0929232672725645 0.292809652786028 0.64408500213584 1.07839438486904 1.50854301032874 2.0470603414876 2.7283316867307 3.31972612413941 4.44433169579931 5.8027408149293 7.21597648144677 8.68490326764844 10.2931140572724 11.8218934299545 13.4976679880806
"9" 1967 0.017881282470908 0.0929030381678149 0.29274191231998 0.643817036855361 1.07693328556507 1.50283112870878 2.0401907366384 2.72068110836288 3.30072539491801 4.42982829603964 5.79425492026381 7.21438920677358 8.68409312008533 10.293163059957 11.82188032258 13.4982747707636
"10" 1968 0.0178810921614252 0.0928756536999268 0.292648316182784 0.643457360089873 1.07515047215107 1.49630083395886 2.03240008308824 2.71202051880424 3.27967331173961 4.41307812839893 5.78376384731646 7.21214842629546 8.68288350271715 10.293243271889 11.8218571462946 13.4992356137144
"11" 1969 0.0178807856955047 0.0928385829006605 0.292518995594821 0.642974583457766 1.07297510757422 1.48883486173497 2.02356489037034 2.70221657877548 3.25634840662747 4.39373313890399 5.77079378158676 7.20898508145292 8.68107744386563 10.29337456988 11.8218161662948 13.5007571126004
"12" 1970 0.0178802921764273 0.092788399557173 0.292340314989275 0.642326575860742 1.07032075743018 1.48029914575544 2.01354511091796 2.69111834586229 3.23050530151149 4.37139135543134 5.75475894836457 7.20451933806996 8.67838084851162 10.2935894900546 11.8217437060037 13.5031664125367
"13" 1971 0.0178794974352717 0.0927204655494521 0.29209343427754 0.64145678677429 1.06708195563938 1.47054041037599 2.00218192015576 2.67855495059118 3.2018721268501 4.34558853507472 5.73493515704214 7.19821497830044 8.67435460844911 10.2939412904218 11.8216155826797 13.5069815491998
"14" 1972 0.0178782176194887 0.0926285021790526 0.291752322349692 0.640289311179273 1.06313001393204 1.45938341822274 1.98929519895477 2.6643329657065 3.17014766156198 4.31578851757963 5.71042709406766 7.18931501502552 8.66834309878123 10.2945171484053 11.8213890367207 13.5130228342797
"15" 1973 0.0178761566611165 0.0925040098698401 0.291281012353449 0.638722265459581 1.05830790863912 1.4466278234589 1.97468067854521 2.64823342814556 3.13499816417932 4.28137208439777 5.68012788737242 7.17675079769169 8.65936741727045 10.2954597637296 11.8209884611663 13.5225892348151
"16" 1974 0.0178728377854875 0.0923354826074558 0.290629809348149 0.636618896191661 1.05242404162434 1.4320445741795 1.95810670263074 2.63000846786206 3.09605386188669 4.24162409186196 5.64266911605635 7.15901369560087 8.64596598185178 10.2970027199358 11.8202801687937 13.5377376706188
"17" 1975 0.0178674932158982 0.0921073445132521 0.28973005046866 0.633795645905065 1.04524462745885 1.41537179933185 1.93931055538027 2.60937749159468 3.05290506050983 4.1957186111203 5.59635900758973 7.13397395120445 8.62595652952603 10.2995283672416 11.819027775632 13.5617252829342
"18" 1976 0.0178588865589192 0.0917985102671454 0.288486865110744 0.630006134333161 1.03648440435554 1.39631010630347 1.91799429709169 2.58602286282601 3.00509783453185 4.14270176605009 5.53910603129496 7.09862495246568 8.5960807610081 10.3036625703303 11.8168133106849 13.5997097687289
"19" 1977 0.0178450267816038 0.0913804363286337 0.286769171771596 0.624919657224928 1.02579529977808 1.37451720473619 1.89382004151843 2.55958501141977 2.95212925179535 4.08147191253833 5.46832443731591 7.04872221815454 8.55147376577372 10.310429799919 11.8128977231906 13.6598583630162
"20" 1978 0.0178227076131159 0.0908144828430144 0.284395856812114 0.618092326345557 1.01275260037187 1.34960176002654 1.86640459999911 2.52965689764407 2.89344208265475 4.01075674727138 5.38081747487574 6.9782737477429 8.48487182973832 10.321507000367 11.8059742334122 13.7551039170643
"21" 1979 0.0177867658176124 0.0900483424109538 0.281116677829155 0.608928332102676 0.996838076702648 1.32111636613976 1.83531340749387 2.49577774534804 2.82841893791873 3.92908687037432 5.27263301554055 6.87882054038166 8.3854296265512 10.3396391426504 11.7937322107832 13.9059256556836
"22" 1980 0.0177288867499082 0.0890112056558092 0.276585878088768 0.596627948253209 0.977419392293064 1.28854951155052 1.80005363424831 2.45742594780745 2.75637577391413 3.83476525255439 5.13888506091752 6.73842089228933 8.23695418629597 10.3693194382562 11.7720860290388 14.1447525181813
"23" 1981 0.0176356808754832 0.0876072167735375 0.270325729925408 0.580117741149824 0.95372497881035 1.25131639404295 1.76006637389737 2.41401103701683 2.67655469634452 3.72583197230245 4.97353307343457 6.54021651349186 8.0152680645846 10.4179027735006 11.7338115381058 14.5229358674295
"24" 1982 0.0174855862839164 0.0857066142042383 0.261676163122029 0.557956893006169 0.924813379113477 1.2087484194314 1.71471778418189 2.36486459278659 2.58811598723999 3.60002349042186 4.76910916398769 6.26040829240103 7.68427233576274 10.4974282773842 11.6661350918175 15.1217908042353
"110" 1983 0.0167789487193757 0.0920212433191297 0.301785998209545 0.711136528267989 1.29665557798561 1.92823591821835 2.57281527596305 3.39202036895981 4.29545550410774 5.36577053072935 6.76096417630614 7.99566225849076 9.21138476943228 10.4427945849673 11.6789875556507 12.9107448426748
"210" 1984 0.0166454586973923 0.0882633533653362 0.298515308091365 0.681697601467162 1.22790096610365 1.93096020364166 2.65745528066402 3.39468583089953 4.35754335345631 5.39172988245602 6.62700699617005 8.1510894764556 9.44590024691329 10.7041009925283 11.9660042468264 13.2222191584519
"35" 1985 0.0171781561848361 0.0866546621346226 0.286865716503471 0.680029487221606 1.17349374782211 1.81479708022479 2.64686733408479 3.4943847081026 4.34576976635719 5.45748698884606 6.65521339888313 7.98529871117756 9.62528623255256 10.9713234283655 12.2592078355692 13.5400810672368
"41" 1986 0.0175143159287396 0.0902577487211106 0.279681766178661 0.65357732951221 1.17390463123506 1.72746001678842 2.47196918226693 3.46612174558879 4.46302108698723 5.42939575165149 6.73048844132572 8.01432866883398 9.42598501264504 11.1745406844384 12.5586772807111 13.8643965377134
"51" 1987 0.0174512215978979 0.0920799441566884 0.292018434821002 0.63228820855445 1.12445188638293 1.72971023504438 2.34626121266251 3.22305769690066 4.41533576764077 5.56709130898351 6.68917177559926 8.09777133035337 9.45481572113508 10.9411330326521 12.7852512068151 14.1952287640364
"61" 1988 0.017264094868377 0.0909500208584611 0.295769967616408 0.658116603710429 1.07822603581564 1.65085290358471 2.35229826055189 3.05548493675995 4.09606697647864 5.49882148049582 6.85622811912505 8.04139210651737 9.54542294612269 10.9693194421641 12.5177187718044 14.4443859676775
"71" 1989 0.0180285466279777 0.0892328959769498 0.288239374186214 0.659652659917713 1.11579525710566 1.57116902948998 2.23964298324376 3.07064169218645 3.88515893261469 5.09636011205278 6.77111090538659 8.23789577232327 9.47249648934547 11.0665238406275 12.5448727412586 14.1432235138484
"81" 1990 0.0184917772805869 0.094168534783261 0.27996999780301 0.634049265805816 1.1070067053202 1.61738716979984 2.1200644050612 2.92165181394887 3.91877876145468 4.84190804087322 6.28051431837965 8.13415490228829 9.69781333860486 10.976373021944 12.6480697183443 14.16901492169
"91" 1991 0.0181092839904904 0.0988194663587883 0.297046814572092 0.610319794218223 1.05242261505983 1.59145913197634 2.17427643424181 2.75675915083254 3.73293970694301 4.90484747411214 5.98565247880257 7.55203336498125 9.5744039860428 11.2302560648484 12.5403426768107 14.2775783470219
"101" 1992 0.0175997589791171 0.0965215484338217 0.316957020051302 0.649681782334482 1.00657464301809 1.50088116465993 2.12643592251324 2.82109690882207 3.51769920371893 4.68253381725979 6.09526299654393 7.21678281613665 8.8989637479725 11.0869166985173 12.8221501412033 14.1522190642291
"111" 1993 0.0175035969363811 0.0924631552605812 0.307965276089002 0.70197779651379 1.07374622727096 1.42955827106216 1.99443026250841 2.74749657479349 3.59712999310486 4.41233158531412 5.83962560988661 7.37786634544786 8.52301842584447 10.3179073190877 12.6589417195574 14.4609704298097
"121" 1994 0.0182077686230609 0.0917844216778118 0.291155352331937 0.679091659380281 1.17048438538999 1.52743770423073 1.89577236089776 2.56846858034137 3.49487487169219 4.51220250395029 5.51104076809185 7.08856513508035 8.73798368999021 9.90221341134859 11.79745726784 14.2782392792941
"131" 1995 0.0185635835375835 0.0971145731532467 0.288259206798827 0.635076961725406 1.1287195178437 1.67543927096198 2.02951096542455 2.44104509937327 3.26316613418257 4.37943228158254 5.64285448477326 6.69919779593726 8.41532137201997 10.1740072056314 11.343399597244 13.3265528217397
"141" 1996 0.0186532266462027 0.0995987554227127 0.307302542402314 0.627525401673356 1.04699181511644 1.61132528002512 2.23768359990351 2.61981215942275 3.10595353310935 4.09008014991961 5.48100142400158 6.86459661291704 7.96374358211212 9.81910924533317 11.6739041698289 12.8358835835084
"151" 1997 0.0189691025301051 0.0998269361619129 0.314516332691266 0.672172136025082 1.03265438725827 1.48547715166438 2.14790028010175 2.90304936462283 3.34355182835314 3.90286504798608 5.13023555206533 6.67231699476412 8.16325217692294 9.30493167339808 11.2882317987153 13.2259924038809
"161" 1998 0.0190630370366185 0.103003172865472 0.312085056997855 0.685616851151444 1.10913587863127 1.46190989683534 1.97071151472859 2.78359750604202 3.7234657064073 4.21377659616229 4.91649020782416 6.25771877255328 7.93920536796849 9.53956294754673 10.7119429377503 12.8112787515908
"171" 1999 0.019235871231739 0.105172438545637 0.325155028420131 0.674237413733111 1.12832223831791 1.57253442670559 1.93573094085656 2.5451969492202 3.56933519489407 4.71280616177886 5.32751540982953 6.01835992361357 7.45920339784747 9.2834303543571 10.982146193818 12.1741448227206
"181" 2000 0.018836855456281 0.106229236320651 0.335552722311189 0.707681972617189 1.10297750823496 1.59656710092521 2.08512453236841 2.49708023983073 3.25650899358031 4.51920865031862 5.98596379422341 6.53449827569997 7.19431913617627 8.73751954661561 10.694067915231 12.4798547339613
"191" 2001 0.0186054049388238 0.102367199016707 0.338495155707111 0.735306053024127 1.16440769826002 1.55429326072326 2.11499016785746 2.69554183616407 3.19391506247702 4.11906014061559 5.75129506492254 7.35943010351914 7.81973820161732 8.44819018310731 10.0826362256093 12.1603797222586
"201" 2002 0.0189012209075391 0.101074127780143 0.321683021580318 0.739454673686049 1.21537219890599 1.64745817744781 2.05339813417823 2.73505641124355 3.45811083346218 4.04124978238976 5.24821930958781 7.0803912937508 8.81656314640139 9.18670222932394 9.77015253797087 11.4846109836581
"211" 2003 0.0187770105471192 0.102521979963789 0.317363084722023 0.694838043534798 1.21888614664161 1.72402712797147 2.18359189841155 2.6518242811847 3.51468728271257 4.39093967027051 5.15925850143045 6.46831185698152 8.49323068404564 10.3598300059092 10.6237461166794 11.1504278687914
"221" 2004 0.0186294295864629 0.101003545971019 0.321095521765494 0.684764866469092 1.13665297498717 1.72469086295874 2.28935259554629 2.82948437798027 3.4082873733461 4.47463621728624 5.63256935302265 6.36618389294616 7.76996423356142 9.9923998894698 11.9745221645973 12.1194113952295
"231" 2005 0.0178186760931992 0.0977819177550676 0.315455425747412 0.690090362905831 1.12005659432453 1.59992575207986 2.28540333593721 2.97226834357202 3.6507534696914 4.34513563300755 5.76426092564684 6.96852551378898 7.65499183669871 9.15641784577016 11.563863394619 13.6464217385861
"241" 2006 0.0173285570722335 0.0916865048873382 0.29991748448481 0.676276632076519 1.12441888652907 1.57664631585741 2.11223276724817 2.9632746457459 3.84464245154804 4.67301704921315 5.61521416433376 7.14843139352387 8.39101060020369 9.02895788899532 10.6154619921383 13.1939817494682
"25" 2007 0.0172756736597715 0.0882005725401397 0.279410035307074 0.634979394132329 1.09910399765922 1.57715012338701 2.08260580025274 2.73237523267086 3.83220559903519 4.93490407315024 6.06832192016402 6.97777886737445 8.62193964300304 9.90292100380654 10.4760137737898 12.1350781178712
"26" 2008 0.0172908157270791 0.0877949135131458 0.268909599767875 0.589828334130461 1.02261155232047 1.53758696265013 2.07678774752414 2.69789243447326 3.53086153770319 4.92265587149561 6.43230325108151 7.55963895068412 8.4305886568432 10.1871718434144 11.4896961959038 11.9842576865474
"27" 2009 0.01825977203179 0.0870508471956866 0.269070591442031 0.56892355534647 0.94753059792519 1.42050076074056 2.01977126779787 2.68330539348243 3.49543093208569 4.53909580347581 6.4327478028621 8.02685491448925 9.14576806004084 9.97605749728549 11.8284542185286 13.1371738063088
"28" 2010 0.0185659853746748 0.092966557562041 0.26516524119236 0.569950154949879 0.914704287806377 1.31350786049657 1.85507492482177 2.60408772363136 3.46985724815936 4.50952070943288 5.94905990918029 8.03890014188613 9.71934566399559 10.8279510296391 11.5987375295807 13.5306112119116
"29" 2011 0.0178097646183389 0.0943208587599438 0.284939072638024 0.558137185107712 0.915039657987147 1.26849604089134 1.71305948656662 2.38000020218131 3.3618734136248 4.47208032223452 5.94111414700425 7.45106672397675 9.74404423225714 11.5098131987759 12.5879761430721 13.2836264031586
"30" 2012 0.0176344565891226 0.0880938390215782 0.288972403289086 0.601462668689095 0.890979554001533 1.26617910854982 1.65558341704251 2.19699062712258 3.06078848386167 4.3289835215498 5.89541322821861 7.46686365190624 9.05235361969115 11.5482010889447 13.3777369079147 14.4083905870001
"31" 2013 0.0175698409386911 0.087307624279819 0.266687101764466 0.609252115408463 0.960867535927432 1.22714420138408 1.64903247648269 2.12626602574879 2.82728293769183 3.93173335058777 5.70764956833125 7.4095699648438 9.09446235959122 10.7534711333461 13.4304454077434 15.3036563764602
"32" 2014 0.0171816274504558 0.086845730483154 0.264887045739164 0.559186936234552 0.972557762536492 1.32327335680227 1.5922811156474 2.11380511085817 2.74215104026179 3.63814805558705 5.17996270839125 7.17328869776361 9.02559277949346 10.824448201266 12.5354094061636 15.3709490836166
"33" 2015 0.0171702454943181 0.0846959015936603 0.263544168576101 0.556164433622441 0.890942490365022 1.33855185465218 1.71629958544971 2.03450003329882 2.72122299216831 3.53829928758067 4.80674292055077 6.51031067497701 8.74021998469746 10.743913959264 12.6369525696068 14.3799433218579
"34" 2016 0.0173394232461965 0.0843081944969124 0.257024011773259 0.55341848423041 0.886645412006259 1.22541552601306 1.73526497166215 2.19163616915404 2.61177277013471 3.50636997198638 4.68937750922229 6.05574193900933 7.93811157923973 10.4088507636892 12.5449015025706 14.5129564717494
