"Year" "Age1" "Age2" "Age3" "Age4" "Age5" "Age6" "Age7" "Age8" "Age9" "Age10" "Age11" "Age12" "Age13" "Age14" "Age15" "Age16"
"1" 1983 0.016778948719376 0.0920212433191311 0.301785998209549 0.711136528267996 1.29665557798562 1.92823591821837 2.57281527596307 3.39202036895983 4.29545550410777 5.36577053072939 6.76096417630617 7.9956622584908 9.21138476943233 10.4427945849673 11.6789875556508 12.9107448426748
"2" 1984 0.0166454586973926 0.0882633533653375 0.298515308091368 0.681697601467169 1.22790096610366 1.93096020364168 2.65745528066404 3.39468583089956 4.35754335345634 5.39172988245606 6.62700699617009 8.15108947645565 9.44590024691334 10.7041009925283 11.9660042468264 13.222219158452
"3" 1985 0.0171781561848365 0.0866546621346239 0.286865716503474 0.680029487221613 1.17349374782212 1.8147970802248 2.64686733408481 3.49438470810262 4.34576976635722 5.4574869888461 6.65521339888317 7.98529871117761 9.62528623255261 10.9713234283655 12.2592078355692 13.5400810672369
"4" 1986 0.0175143159287399 0.0902577487211119 0.279681766178665 0.653577329512217 1.17390463123508 1.72746001678844 2.47196918226695 3.46612174558881 4.46302108698726 5.42939575165152 6.73048844132576 8.01432866883402 9.42598501264508 11.1745406844384 12.5586772807111 13.8643965377135
"5" 1987 0.0174512215978982 0.0920799441566897 0.292018434821005 0.632288208554456 1.12445188638294 1.72971023504439 2.34626121266253 3.22305769690068 4.4153357676408 5.56709130898354 6.68917177559929 8.09777133035341 9.45481572113513 10.9411330326521 12.7852512068152 14.1952287640365
"6" 1988 0.0172640948683773 0.0909500208584625 0.295769967616411 0.658116603710436 1.07822603581565 1.65085290358473 2.35229826055191 3.05548493675997 4.09606697647867 5.49882148049585 6.85622811912508 8.04139210651742 9.54542294612274 10.9693194421642 12.5177187718044 14.4443859676776
"7" 1989 0.0180285466279781 0.0892328959769511 0.288239374186217 0.659652659917719 1.11579525710567 1.57116902948999 2.23964298324378 3.07064169218647 3.88515893261472 5.09636011205281 6.77111090538662 8.23789577232331 9.47249648934552 11.0665238406276 12.5448727412587 14.1432235138485
"8" 1990 0.0184917772805873 0.0941685347832624 0.279969997803013 0.634049265805822 1.10700670532021 1.61738716979986 2.12006440506122 2.92165181394889 3.9187787614547 4.84190804087325 6.28051431837969 8.13415490228833 9.69781333860491 10.976373021944 12.6480697183444 14.16901492169
"9" 1991 0.0181092839904907 0.0988194663587897 0.297046814572096 0.61031979421823 1.05242261505984 1.59145913197636 2.17427643424182 2.75675915083256 3.73293970694303 4.90484747411217 5.98565247880261 7.55203336498129 9.57440398604285 11.2302560648484 12.5403426768107 14.2775783470219
"10" 1992 0.0175997589791174 0.0965215484338231 0.316957020051306 0.649681782334489 1.0065746430181 1.50088116465994 2.12643592251326 2.82109690882209 3.51769920371895 4.68253381725982 6.09526299654396 7.21678281613669 8.89896374797254 11.0869166985173 12.8221501412034 14.1522190642292
"11" 1993 0.0175035969363814 0.0924631552605825 0.307965276089006 0.701977796513798 1.07374622727097 1.42955827106217 1.99443026250843 2.74749657479351 3.59712999310488 4.41233158531415 5.83962560988665 7.3778663454479 8.52301842584451 10.3179073190878 12.6589417195575 14.4609704298097
"12" 1994 0.0182077686230612 0.0917844216778131 0.291155352331941 0.679091659380288 1.17048438539 1.52743770423075 1.89577236089777 2.56846858034139 3.49487487169222 4.51220250395032 5.51104076809188 7.08856513508039 8.73798368999025 9.90221341134864 11.7974572678401 14.2782392792942
"13" 1995 0.0185635835375838 0.0971145731532481 0.288259206798831 0.635076961725413 1.12871951784371 1.67543927096199 2.02951096542457 2.44104509937329 3.2631661341826 4.37943228158257 5.64285448477329 6.6991977959373 8.41532137202001 10.1740072056315 11.3433995972441 13.3265528217398
"14" 1996 0.018653226646203 0.0995987554227141 0.307302542402318 0.627525401673362 1.04699181511645 1.61132528002513 2.23768359990353 2.61981215942277 3.10595353310937 4.09008014991963 5.48100142400161 6.86459661291708 7.96374358211216 9.81910924533322 11.673904169829 12.8358835835085
"15" 1997 0.0189691025301055 0.0998269361619143 0.31451633269127 0.672172136025089 1.03265438725828 1.48547715166439 2.14790028010177 2.90304936462285 3.34355182835316 3.90286504798611 5.13023555206536 6.67231699476416 8.16325217692298 9.30493167339813 11.2882317987154 13.225992403881
"16" 1998 0.0190630370366189 0.103003172865474 0.312085056997859 0.685616851151451 1.10913587863128 1.46190989683535 1.9707115147286 2.78359750604204 3.72346570640733 4.21377659616232 4.9164902078242 6.25771877255332 7.93920536796853 9.53956294754678 10.7119429377504 12.8112787515908
"17" 1999 0.0192358712317394 0.105172438545639 0.325155028420134 0.674237413733118 1.12832223831792 1.57253442670561 1.93573094085657 2.54519694922022 3.56933519489409 4.71280616177889 5.32751540982956 6.01835992361361 7.45920339784751 9.28343035435714 10.982146193818 12.1741448227206
"18" 2000 0.0188368554562814 0.106229236320653 0.335552722311194 0.707681972617197 1.10297750823497 1.59656710092522 2.08512453236842 2.49708023983075 3.25650899358033 4.51920865031865 5.98596379422344 6.53449827570001 7.19431913617631 8.73751954661565 10.6940679152311 12.4798547339614
"19" 2001 0.0186054049388241 0.102367199016709 0.338495155707115 0.735306053024135 1.16440769826003 1.55429326072327 2.11499016785748 2.69554183616409 3.19391506247704 4.11906014061562 5.75129506492257 7.35943010351918 7.81973820161736 8.44819018310735 10.0826362256094 12.1603797222587
"20" 2002 0.0189012209075394 0.101074127780144 0.321683021580322 0.739454673686056 1.215372198906 1.64745817744783 2.05339813417825 2.73505641124357 3.4581108334622 4.04124978238979 5.24821930958784 7.08039129375083 8.81656314640143 9.18670222932398 9.77015253797092 11.4846109836582
"21" 2003 0.0187770105471196 0.10252197996379 0.317363084722027 0.694838043534805 1.21888614664162 1.72402712797149 2.18359189841157 2.65182428118472 3.51468728271259 4.39093967027054 5.15925850143048 6.46831185698156 8.49323068404568 10.3598300059093 10.6237461166794 11.1504278687915
"22" 2004 0.0186294295864632 0.101003545971021 0.321095521765497 0.684764866469099 1.13665297498718 1.72469086295875 2.2893525955463 2.82948437798029 3.40828737334612 4.47463621728627 5.63256935302268 6.36618389294619 7.76996423356146 9.99239988946985 11.9745221645974 12.1194113952295
"23" 2005 0.0178186760931995 0.097781917755069 0.315455425747416 0.690090362905838 1.12005659432454 1.59992575207988 2.28540333593723 2.97226834357204 3.65075346969142 4.34513563300758 5.76426092564687 6.96852551378902 7.65499183669875 9.1564178457702 11.563863394619 13.6464217385862
"24" 2006 0.0173285570722338 0.0916865048873395 0.299917484484813 0.676276632076526 1.12441888652908 1.57664631585743 2.11223276724819 2.96327464574592 3.84464245154806 4.67301704921318 5.61521416433379 7.14843139352391 8.39101060020373 9.02895788899536 10.6154619921383 13.1939817494682
"25" 2007 0.0172756736597718 0.088200572540141 0.279410035307078 0.634979394132335 1.09910399765923 1.57715012338703 2.08260580025276 2.73237523267088 3.83220559903521 4.93490407315027 6.06832192016406 6.97777886737449 8.62193964300308 9.90292100380659 10.4760137737898 12.1350781178712
"26" 2008 0.0172908157270794 0.0877949135131471 0.268909599767878 0.589828334130467 1.02261155232048 1.53758696265014 2.07678774752415 2.69789243447328 3.53086153770322 4.92265587149564 6.43230325108154 7.55963895068416 8.43058865684324 10.1871718434145 11.4896961959039 11.9842576865475
"27" 2009 0.0182597720317904 0.0870508471956879 0.269070591442034 0.568923555346476 0.9475305979252 1.42050076074057 2.01977126779789 2.68330539348245 3.49543093208571 4.53909580347584 6.43274780286213 8.0268549144893 9.14576806004089 9.97605749728554 11.8284542185286 13.1371738063089
"28" 2010 0.0185659853746752 0.0929665575620423 0.265165241192363 0.569950154949885 0.914704287806385 1.31350786049658 1.85507492482178 2.60408772363138 3.46985724815939 4.5095207094329 5.94905990918033 8.03890014188618 9.71934566399563 10.8279510296392 11.5987375295808 13.5306112119117
"29" 2011 0.0178097646183392 0.0943208587599451 0.284939072638027 0.558137185107718 0.915039657987156 1.26849604089135 1.71305948656663 2.38000020218133 3.36187341362483 4.47208032223455 5.94111414700429 7.45106672397679 9.74404423225718 11.509813198776 12.5879761430721 13.2836264031587
"30" 2012 0.017634456589123 0.0880938390215795 0.288972403289089 0.601462668689102 0.890979554001542 1.26617910854983 1.65558341704253 2.1969906271226 3.0607884838617 4.32898352154983 5.89541322821865 7.46686365190628 9.05235361969119 11.5482010889448 13.3777369079147 14.4083905870002
"31" 2013 0.0175698409386915 0.0873076242798203 0.266687101764469 0.609252115408469 0.960867535927442 1.22714420138409 1.64903247648271 2.12626602574881 2.82728293769185 3.9317333505878 5.70764956833129 7.40956996484384 9.09446235959127 10.7534711333461 13.4304454077435 15.3036563764603
"32" 2014 0.0171816274504561 0.0868457304831552 0.264887045739167 0.559186936234558 0.972557762536501 1.32327335680228 1.59228111564741 2.11380511085819 2.74215104026181 3.63814805558707 5.17996270839128 7.17328869776365 9.0255927794935 10.824448201266 12.5354094061637 15.3709490836167
"33" 2015 0.0171702454943184 0.0846959015936616 0.263544168576104 0.556164433622447 0.89094249036503 1.33855185465219 1.71629958544972 2.03450003329883 2.72122299216833 3.5382992875807 4.8067429205508 6.51031067497705 8.74021998469751 10.743913959264 12.6369525696069 14.379943321858
"34" 2016 0.0173394232461968 0.0843081944969136 0.257024011773263 0.553418484230416 0.886645412006268 1.22541552601307 1.73526497166216 2.19163616915406 2.61177277013473 3.5063699719864 4.68937750922232 6.05574193900937 7.93811157923977 10.4088507636893 12.5449015025706 14.5129564717495
