3ps cod													
103													
GEAC													
1997	2007												
1	1	0.95	0.95										
2	14												
1	0.29	3.28	9.42	13.62	3.02	10.03	11.97	1.34	0.54	0.24	0.04	NA	NA
1	0.06	0.4	1.76	2.32	1.81	0.35	1.64	3.4	0.4	0.04	0.13	0.22	0.04
1	0.34	1.14	1.71	2.83	3.58	3.27	0.51	1.43	1.36	0.17	0.1	0.02	NA
1	1.64	7.24	2.86	3.35	5.18	5.89	3.99	1.14	5.83	7.14	0.79	0.11	0.17
1	0.21	12.47	26.74	3.75	2.14	1.62	1.34	0.96	0.1	0.44	0.58	0.08	0.1
1	NA	1.26	16.88	18.47	2.9	1.39	1.18	0.91	0.46	0.09	0.27	0.3	NA
1	0.22	0.41	2.46	8.34	9.28	1.32	0.73	1.32	0.48	0.24	NA	0.16	0.18
1	0.08	0.68	0.8	1.07	2.98	1.18	0.15	0.12	0.18	0.13	0.05	NA	0.2
1	0.05	1.74	1.15	0.43	0.31	0.74	0.5	0.08	0.04	0.09	0.04	NA	NA
1	NA	NA	NA	NA	NA	NA	NA	NA	NA	NA	NA	NA	NA
1	1.05	2.45	0.91	0.78	0.23	0.04	0.03	0.08	0.01	NA	NA	NA	0.02
ERHAPS													
1978	1992												
1	1	0.3	0.3										
2	14												
1	0	0.62	1.32	2.6	1.73	1.01	0.75	0.44	0.25	0.19	0.02	0.03	0.04
1	0.07	0.46	0.41	2.21	7.73	3.47	1.93	1.02	0.4	0.23	0.31	0.1	0.34
1	0	5.47	1.27	0.37	1.98	3.35	1.23	0.5	0.21	0.16	0.13	0.08	0.21
1	0.05	0.14	3.78	3.81	3.96	5.74	4.35	1.23	0.92	0.36	0.12	0.11	0.15
1	0.79	9.21	1.5	6.38	6.12	4.65	3.49	4.07	1.21	0.67	0.32	0.12	0.24
1	3.56	8.31	4.16	2.29	5.55	4.7	3.5	2.13	1.6	0.58	0.19	0.15	0.11
1	0.02	9.43	6.22	12.27	7.12	15.45	4.55	1.73	2.52	1.8	0.5	0.13	0.21
1	0.1	4.38	11.56	5.96	3.14	0.85	1.56	0.91	0.62	0.69	0.87	1.05	0.28
1	0.08	6.93	4.03	14.55	25.35	20.74	8.73	6.67	3.69	0.76	0.56	0.69	0.52
1	2.6	16.29	9.09	2.24	6.56	9.87	6.57	2.33	1.53	0.75	0.16	0.28	0.35
1	4.14	11.69	11.71	7.25	2.85	5.14	3.69	1.26	0.61	0.28	0.28	0.13	0.38
1	1.43	18.89	12.25	6.27	4.44	2.66	3.39	1.55	0.77	0.21	0.1	0.05	0.11
1	0.29	2.39	18.26	20.11	7.66	2.46	0.73	1	0.44	0.26	0.11	0.09	0.09
1	0.81	12.14	7.08	12.96	12.68	7.56	2.42	1.07	0.91	0.62	0.06	0.15	0.06
1	0.08	3.35	4.2	1.4	0.84	0.51	0.19	0.05	0.02	0.01	0.01	0.01	0.06
IO													
1983	2018												
1	1	0.3	0.3										
2	14												
1	10.01	6.52	1.14	3.72	1.62	0.48	0.89	1.61	0.75	0.36	0.14	0.06	0.13
1	5.4	2.33	1.55	0.63	2.11	0.77	0.37	0.46	0.71	0.18	0.15	0.06	0.07
1	7.74	14.88	12.57	9.96	3.28	2.66	0.79	0.48	0.42	0.42	0.49	0.21	0.18
1	6.62	5.65	6.48	7.95	6.33	2.13	1.47	0.84	0.29	0.24	0.29	0.17	0.2
1	8.48	5.67	4.97	13.82	8.31	3.35	1.29	0.69	0.28	0.23	0.16	0.17	0.26
1	9.13	5.93	2.96	2.84	6.5	5.84	3.65	1.49	0.84	0.74	0.35	0.16	0.34
1	6.5	4.66	3.17	1.51	1.16	2.15	1.21	0.67	0.37	0.41	0.13	0.11	0.2
1	1.48	9.82	14.49	10.89	5.67	3.84	3.14	1.15	0.71	0.32	0.16	0.12	0.15
1	27.69	5.03	10	11.24	5.75	2.84	1.58	1.19	0.74	0.56	0.22	0.11	0.14
1	1.8	6.95	2.11	4.15	2.03	1.03	0.53	0.26	0.24	0.08	0.04	0.01	0.04
1	0	1.91	4.035	1.1	2.155	0.575	0.215	0.085	0.06	0.075	0.02	0.02	0.02
1	1.63	1.46	4.31	6.1	1.73	1.62	0.5	0.08	0.04	0.03	0.02	0.01	0.01
1	0.31	1.16	1.67	13.08	19.65	4.4	5.75	2.19	0.25	0.2	0.01	0.07	0.03
1	1.08	3.67	3.62	1.32	2.69	2.91	0.54	0.46	0.09	0.09	0.02	0	0
1	1.68	2.44	1.01	0.46	0.25	0.26	0.21	0.12	0.04	0.01	0	0	0
1	1.28	6.28	7.4	4.91	3.53	1.73	2.19	2.43	0.38	0.26	0.06	0.03	0
1	3.05	2.52	2.26	2.41	2.12	1.54	0.39	0.68	0.52	0.07	0.02	0.02	0.01
1	3.84	6.66	3.52	2.24	1.75	1.11	0.8	0.31	0.28	0.46	0.11	0	0.01
1	2.88	11.44	10.58	3.71	1.74	1.08	0.66	0.6	0.32	0.43	0.8	0.1	0.11
1	1.53	3.72	7.08	4.95	2.58	1.73	0.85	0.45	0.31	0.07	0.11	0.16	0.01
1	2.62	2.24	3.67	5.88	3.51	1.34	0.63	0.28	0.16	0.17	0.04	0.09	0.02
1	2.24	2.5	1.85	1.93	3.49	3.61	1.08	0.68	0.57	0.67	0.13	0.09	0.08
1	1.63	7.32	7.27	3.49	2.08	1.52	1.2	0.41	0.09	0.15	0.06	0.03	0.24
1	NA	NA	NA	NA	NA	NA	NA	NA	NA	NA	NA	NA	NA
1	2.34	5.33	3.26	2.11	1.14	0.76	0.35	0.56	0.37	0.12	0.1	0.07	0.06
1	4.09	4.3	3.27	1.99	1.22	0.5	0.34	0.12	0.14	0.08	0.04	0.02	0.02
1	2.47	8.64	5.81	4.91	2.65	1.53	0.84	0.18	0.15	0.18	0.32	0.12	0.04
1	2.76	7.75	13.95	5.87	3.53	1.27	0.25	0.08	0.03	0.03	0.07	0.01	0
1	4.63	6.37	2.56	5.46	2.04	1.42	0.49	0.09	0.08	0	0.02	0.01	0.01
1	3.99	11.21	6.37	3.34	3.39	1.76	0.94	0.16	0.25	0.01	0.04	0	0.03
1	19.94	12.11	16.14	5.83	4.04	2.72	2.06	0.48	0.24	0.06	0.01	0	0.01
1	5.21	11.03	4.54	2.23	1.11	0.41	0.83	0.42	0.06	0	0.01	0	0.01
1	4.9	8.47	10.97	2.87	1.17	0.92	0.31	0.43	0.06	0.01	0	0	0
1	2.58	5.98	4.62	4.71	2	0.69	0.22	0.12	0.14	0.01	0	0	0
